"weeknr" "total_meas" "pos_meas"
"1" 1 68 24
"2" 2 81 30
"3" 3 91 36
"4" 4 130 50
"5" 5 110 36
"6" 6 104 29
"7" 7 101 26
"8" 8 99 37
"9" 9 123 55
"10" 10 105 47
"11" 11 125 44
"12" 12 113 24
"13" 13 103 15
"14" 14 83 26
"15" 15 85 27
"16" 16 134 58
"17" 17 55 20
"18" 18 55 19
"19" 19 191 79
"20" 20 156 54
"21" 21 132 62
"22" 22 108 45
"23" 23 102 51
"24" 24 126 88
"25" 25 110 77
"26" 26 129 85
"27" 27 118 83
"28" 28 103 74
"29" 29 108 64
"30" 30 117 63
"31" 31 114 89
"32" 32 120 86
"33" 33 110 83
"34" 34 104 63
"35" 35 119 74
"36" 36 115 67
"37" 37 114 76
"38" 38 124 79
"39" 39 149 82
"40" 40 118 60
"41" 41 113 64
"42" 42 121 52
"43" 43 116 45
"44" 44 103 39
"45" 45 132 54
"46" 46 138 53
"47" 47 131 46
"48" 48 139 47
"49" 49 135 44
"50" 50 113 48
"51" 51 83 28
"52" 52 91 33
"53" 53 116 46
"54" 54 145 40
"55" 55 149 60
"56" 56 130 47
"57" 57 119 40
"58" 58 110 32
"59" 59 119 50
"60" 60 125 32
"61" 61 121 36
"62" 62 132 27
"63" 63 135 31
"64" 64 125 44
"65" 65 101 25
"66" 66 93 16
"67" 67 137 42
"68" 68 133 25
"69" 69 132 35
"70" 70 102 27
"71" 71 109 41
"72" 72 119 42
"73" 73 115 44
"74" 74 119 52
"75" 75 129 68
"76" 76 142 67
"77" 77 131 70
"78" 78 126 75
"79" 79 117 82
"80" 80 109 72
"81" 81 118 75
"82" 82 115 92
"83" 83 137 103
"84" 84 131 88
"85" 85 133 101
"86" 86 116 100
"87" 87 108 86
"88" 88 143 99
"89" 89 124 84
"90" 90 145 92
"91" 91 144 96
"92" 92 130 86
"93" 93 136 86
"94" 94 124 72
"95" 95 137 63
"96" 96 137 62
"97" 97 142 48
"98" 98 140 48
"99" 99 141 45
"100" 100 140 49
"101" 101 129 57
"102" 102 124 40
"103" 103 144 51
"104" 104 105 41
"105" 105 109 32
"106" 106 129 51
"107" 107 159 56
"108" 108 145 36
"109" 109 126 39
"110" 110 129 40
"111" 111 131 37
"112" 112 135 40
"113" 113 150 40
"114" 114 135 45
"115" 115 145 39
"116" 116 118 37
"117" 117 125 32
"118" 118 159 32
"119" 119 144 21
"120" 120 104 11
"121" 121 92 24
"122" 122 139 40
"123" 123 153 40
"124" 124 148 39
"125" 125 127 47
"126" 126 126 54
"127" 127 123 56
"128" 128 127 67
"129" 129 142 85
"130" 130 147 65
"131" 131 139 79
"132" 132 136 81
"133" 133 140 57
"134" 134 128 51
"135" 135 142 73
"136" 136 132 79
"137" 137 138 82
"138" 138 137 82
"139" 139 130 83
"140" 140 140 81
"141" 141 113 54
"142" 142 129 62
"143" 143 148 72
"144" 144 144 59
"145" 145 137 66
"146" 146 132 62
"147" 147 134 59
"148" 148 136 36
"149" 149 135 46
"150" 150 126 42
"151" 151 137 56
"152" 152 154 57
"153" 153 133 43
"154" 154 135 49
"155" 155 123 42
"156" 156 71 24
"157" 157 105 23
"158" 158 137 38
"159" 159 133 38
"160" 160 155 46
"161" 161 140 36
"162" 162 111 40
"163" 163 133 31
"164" 164 126 32
"165" 165 111 21
"166" 166 129 44
"167" 167 146 33
"168" 168 131 38
"169" 169 138 21
"170" 170 139 33
"171" 171 96 16
"172" 172 96 14
"173" 173 139 18
"174" 174 111 32
"175" 175 147 26
"176" 176 117 27
"177" 177 114 30
"178" 178 130 48
"179" 179 93 36
"180" 180 136 48
"181" 181 141 59
"182" 182 131 45
"183" 183 159 70
"184" 184 127 65
"185" 185 128 94
"186" 186 134 99
"187" 187 138 108
"188" 188 118 100
"189" 189 142 121
"190" 190 128 95
"191" 191 140 121
"192" 192 136 111
"193" 193 116 87
"194" 194 133 97
"195" 195 124 77
"196" 196 128 65
"197" 197 136 65
"198" 198 140 67
"199" 199 138 64
"200" 200 171 83
"201" 201 244 82
"202" 202 310 111
"203" 203 345 79
"204" 204 345 101
"205" 205 308 77
"206" 206 270 96
"207" 207 247 95
"208" 208 78 34
"209" 209 110 25
"210" 210 148 30
"211" 211 129 39
"212" 212 140 43
"213" 213 127 33
"214" 214 134 32
"215" 215 117 43
"216" 216 118 40
"217" 217 148 48
"218" 218 139 40
"219" 219 130 38
"220" 220 133 44
"221" 221 95 19
"222" 222 81 25
"223" 223 133 36
"224" 224 127 30
"225" 225 130 10
"226" 226 77 16
"227" 227 103 15
"228" 228 120 20
"229" 229 121 30
"230" 230 115 42
"231" 231 118 39
"232" 232 118 60
"233" 233 132 88
"234" 234 120 69
"235" 235 124 67
"236" 236 132 70
"237" 237 136 88
"238" 238 126 89
"239" 239 134 98
"240" 240 114 91
"241" 241 121 85
"242" 242 129 104
"243" 243 118 82
"244" 244 129 89
"245" 245 129 101
"246" 246 125 90
"247" 247 134 90
"248" 248 129 67
"249" 249 122 61
"250" 250 119 74
"251" 251 116 58
"252" 252 133 61
"253" 253 113 47
"254" 254 125 52
"255" 255 80 24
"256" 256 119 39
"257" 257 112 24
"258" 258 116 34
"259" 259 114 24
"260" 260 34 7
"261" 261 54 15
"262" 262 79 38
"263" 263 86 23
"264" 264 85 13
"265" 265 85 19
"266" 266 70 15
"267" 267 79 12
"268" 268 76 5
"269" 269 73 26
"270" 270 69 20
"271" 271 64 11
"272" 272 76 14
"273" 273 64 10
"274" 274 73 17
"275" 275 65 12
"276" 276 53 11
"277" 277 43 9
"278" 278 47 12
"279" 279 52 8
"280" 280 48 9
"281" 281 42 7
"282" 282 33 2
"283" 283 48 4
"284" 284 45 10
"285" 285 54 39
"286" 286 59 49
"287" 287 56 39
"288" 288 61 55
"289" 289 51 33
"290" 290 66 55
"291" 291 62 59
"292" 292 63 57
"293" 293 67 57
"294" 294 61 48
"295" 295 53 43
"296" 296 59 38
"297" 297 64 47
"298" 298 58 36
"299" 299 56 42
"300" 300 55 32
"301" 301 63 29
"302" 302 54 16
"303" 303 60 20
"304" 304 57 20
"305" 305 63 33
"306" 306 53 20
"307" 307 51 21
"308" 308 63 16
"309" 309 56 11
"310" 310 29 10
"311" 311 64 18
"312" 312 37 7
"313" 313 26 5
"314" 314 56 17
"315" 315 62 22
"316" 316 63 12
"317" 317 51 14
"318" 318 60 11
"319" 319 56 20
"320" 320 60 22
"321" 321 55 16
"322" 322 58 16
"323" 323 52 4
"324" 324 63 7
"325" 325 62 7
"326" 326 49 12
"327" 327 40 2
"328" 328 41 13
"329" 329 60 7
"330" 330 56 3
"331" 331 57 6
"332" 332 53 8
"333" 333 50 5
"334" 334 57 10
"335" 335 47 17
"336" 336 18 3
"337" 337 65 29
"338" 338 57 24
"339" 339 34 16
"340" 340 89 44
"341" 341 65 26
"342" 342 55 11
"343" 343 60 24
"344" 344 62 28
"345" 345 56 29
"346" 346 69 53
"347" 347 33 22
"348" 348 74 53
"349" 349 56 41
"350" 350 55 34
"351" 351 57 32
"352" 352 51 28
"353" 353 58 29
"354" 354 38 16
"355" 355 66 9
"356" 356 57 27
"357" 357 55 11
"358" 358 58 8
"359" 359 57 8
"360" 360 54 18
"361" 361 55 9
"362" 362 64 9
"363" 363 63 16
"364" 364 46 10
"365" 365 31 6
"366" 366 48 12
"367" 367 61 4
"368" 368 53 11
"369" 369 56 9
"370" 370 65 12
"371" 371 54 6
"372" 372 48 10
"373" 373 54 3
"374" 374 57 13
"375" 375 56 7
"376" 376 56 11
"377" 377 50 5
"378" 378 43 4
"379" 379 54 10
"380" 380 54 12
"381" 381 58 2
"382" 382 49 7
"383" 383 47 6
"384" 384 46 6
"385" 385 72 3
"386" 386 66 11
"387" 387 54 12
"388" 388 59 19
"389" 389 64 32
"390" 390 55 12
"391" 391 61 19
"392" 392 61 29
"393" 393 59 32
"394" 394 56 40
"395" 395 59 41
"396" 396 59 46
"397" 397 53 32
"398" 398 61 25
"399" 399 62 27
"400" 400 49 22
"401" 401 63 39
"402" 402 60 47
"403" 403 56 29
"404" 404 60 18
"405" 405 60 29
"406" 406 50 15
"407" 407 45 16
"408" 408 40 14
"409" 409 41 17
"410" 410 48 14
"411" 411 51 19
"412" 412 44 5
"413" 413 52 8
"414" 414 39 1
"415" 415 44 5
"416" 416 38 14
"417" 417 22 3
"418" 418 48 2
"419" 419 41 5
"420" 420 76 9
"421" 421 72 7
"422" 422 68 13
"423" 423 79 13
"424" 424 60 6
"425" 425 68 9
"426" 426 84 13
"427" 427 78 13
"428" 428 94 16
"429" 429 80 6
"430" 430 86 10
"431" 431 80 13
"432" 432 70 12
"433" 433 53 7
"434" 434 82 3
"435" 435 69 10
"436" 436 82 7
"437" 437 63 9
"438" 438 67 6
"439" 439 71 11
"440" 440 63 10
"441" 441 72 12
"442" 442 76 15
"443" 443 75 20
"444" 444 76 35
"445" 445 64 45
"446" 446 66 39
"447" 447 60 46
"448" 448 62 45
"449" 449 73 51
"450" 450 74 40
"451" 451 77 50
"452" 452 71 57
"453" 453 66 39
"454" 454 66 30
"455" 455 70 38
"456" 456 71 29
"457" 457 75 31
"458" 458 78 41
"459" 459 62 35
"460" 460 73 21
"461" 461 66 15
"462" 462 67 27
"463" 463 79 15
"464" 464 84 30
"465" 465 70 25
"466" 466 40 8
"467" 467 44 6
"468" 468 32 15
"469" 469 15 5
"470" 470 28 5
"471" 471 37 9
"472" 472 36 11
"473" 473 43 12
"474" 474 41 12
"475" 475 41 14
"476" 476 39 7
"477" 477 44 6
"478" 478 41 9
"479" 479 49 9
"480" 480 44 5
"481" 481 39 4
"482" 482 36 5
"483" 483 31 4
"484" 484 27 5
"485" 485 47 3
"486" 486 44 5
"487" 487 34 4
"488" 488 44 12
"489" 489 37 8
"490" 490 41 11
"491" 491 34 14
"492" 492 45 8
"493" 493 51 8
"494" 494 47 31
"495" 495 47 33
"496" 496 44 15
"497" 497 38 16
"498" 498 30 18
"499" 499 46 26
"500" 500 43 26
"501" 501 47 21
"502" 502 44 27
"503" 503 48 33
"504" 504 48 26
"505" 505 47 19
"506" 506 45 14
"507" 507 47 18
"508" 508 41 14
"509" 509 50 22
"510" 510 50 11
"511" 511 42 6
"512" 512 39 21
"513" 513 51 13
"514" 514 49 6
"515" 515 47 3
"516" 516 57 8
"517" 517 49 2
"518" 518 46 5
"519" 519 44 5
"520" 520 49 3
"521" 521 14 4
"522" 522 24 3
"523" 523 41 6
"524" 524 45 6
"525" 525 41 3
"526" 526 45 6
"527" 527 52 5
"528" 528 38 9
"529" 529 49 8
"530" 530 43 7
"531" 531 46 5
"532" 532 48 3
"533" 533 30 5
"534" 534 33 2
"535" 535 47 8
"536" 536 44 12
